3.434761586500317
3.6233080308381624
3.236926933005369
4.0123567604875525
3.3956950001985864
3.6702636990041158
3.5089296397152894
3.6643081734692853
3.1437570609859566
3.326861867716027
3.4856817812413867
3.281002978774893
3.400876875749726
3.494896702355082
3.5002618465748445
3.0542014725433884
2.7673268621686438
2.9408478162792657
3.5246409550677154
3.002216685632909
3.1834765663131743
3.370878933970176
2.88543337535347
3.7369276510585587
3.690952164035844
3.4432530829087042
3.057325394074349
3.273591473445642
3.823065481766041
3.54860783118021
3.1307063871920526
3.4160151087313144
2.984427749234832
3.251884668255211
3.4919414034808187
2.547016768635626
3.414278277248121
3.2672589007792854
3.242842632771365
3.377304103935135
3.197117414008977
2.6148312751074756
3.4580806203236665
3.287270781060304
3.2843765401309932
3.3672289899388055
3.2125376641849828
2.9724493036744146
3.3853033475942347
3.201349556921298
3.315573398001032
3.2788250865383115
3.119605996908242
3.984445106996003
3.576485785380167
3.217904547346532
3.35207384695177
3.1756136585324897
3.167726652433335
3.5208943187940704
2.7913069543269255
3.0471255074030674
3.567831763101522
2.9743534859222613
3.3111409651742614
3.8537892034979273
3.8294452940339196
3.1815703482232114
3.8569753935967412
3.7183928376146733
3.418946021248
3.27130572785191
3.413859400298517
3.601627114030363
3.643073316614862
3.3344298880336103
3.784585589569592
3.735845093669983
3.512772200371691
3.4361148841286067
3.422276750591182
3.70686934598597
3.717778812985114
3.632120963779335
3.975419919100353
3.4851192473609616
3.2198194057788525
3.43674125045568
3.3773444370419634
3.858085024499203
3.2056787190554763
3.564885344962611
3.175317934525654
3.476835813622855
3.7564095158948994
4.100943925401236
3.05228036772212
3.5437977878646483
3.733626962640306
3.521780088872456
3.4374636497313986
2.922857971014048
3.7549861854248325
3.612470776279885
3.757036268999111
3.84439378948413
3.313347968472657
3.42502403385137
3.661637368935213
4.177640180197285
3.2296626762538034
3.8876417184638488
3.5027495887610005
3.542321733423034
3.5975530194751437
3.2916885847456094
3.413486335505014
4.1020858168406775
3.857300358942372
3.32163272688749
3.769299084786395
3.32163272688749
3.72885839110459
3.566466910607617
3.534987167877842
3.640032512348032
3.4843444129517085
3.949743402523706
3.6585420849534804
3.3782343828797856
3.6301098330440253
3.3695251978530836
4.425120487807518
3.803830452185992
3.9029156449253968
4.042164850393
3.9775957251522396
3.918617416099362
4.01394108417548
3.8971069309862965
4.322640933322876
4.1119249981910375
3.8401422776789818
4.2538428048499295
3.7250288284104407
4.168300668900965
4.468133885005416
3.623250668127131
3.65947066195562
4.477153336584782
3.9039832205573934
3.3733106274958535
4.001982996726814
3.027724629726025
4.026994370971682
3.25
4.357300358942372
3.4524334529807903
4.285714285714286
4.571533572628248
3.75
4.666666666666667
4.666666666666667
3.5
4.2881590672485315
4.020737540602015
3.9230807040223077
3.7804712193980534
4.250975731424646
3.495734310363713
4.20662974665699
3.9677203012234243
4.265486124505568
4.724557296689588
3.9019369729765323
4.183733470073285
4.244188808797124
3.776677280756746
3.2687820614907612
