2.446583146986759
2.5090961994527268
1.2043365915732989
1.9764328982322938
0.734104376403887
1.7096237173601847
0.9254322036482123
1.6912170963563162
1.3984476339740346
2.3281373633670306
2.3518664008262022
0.545144467813576
0.6666976253862904
2.161801463530684
1.6230778691684118
0.32634878418268887
2.3846489190806617
1.2379974659780508
2.550771567763372
2.480049730630156
0.5961967939941157
1.8396855959629894
2.512569146811947
0.5633774414494832
2.391647434213636
1.9322010547822228
0.8514584248968173
2.3137429104965777
2.336027656051576
2.436164304909098
2.9021706960190388
1.8652117590532598
1.5905016229389242
2.7039285463049927
2.5325385941274647
2.6091170833982753
1.9568975693366788
2.16787912140932
3.039415261205686
2.669285896396769
3.2727973237452987
1.8404783339471593
2.53456448008701
2.9316381281578785
2.173956779287956
2.429218410190657
3.4259543022869194
3.029204795969578
3.017535692842597
2.7174730410059524
1.8336079380843535
2.463253294311017
2.315145446930109
2.6054704886710938
2.6054704886710938
2.1374908320161414
2.5215988099459206
3.863545669548693
3.280090513199662
3.1342267241124038
4.033720090150494
4.045875405907766
4.08234135317958
3.0612948295687747
3.106877263658543
2.818188514423345
2.5872375150351865
2.9154310404815167
3.4988861968305485
3.280090513199662
3.5900510650100843
3.717681880461435
3.6812159331896206
3.4259543022869194
4.191739194995024
4.08234135317958
4.009409458635951
3.7541478277332496
3.8270797222768786
3.7541478277332496
4.155273247723209
4.118807300451395
3.863545669548693
3.7541478277332496
3.7541478277332496
3.918244590456415
2.733101304122444
3.51104151258782
3.83923503803415
3.2557798816851187
2.69663535685063
4.08234135317958
4.009409458635951
4.009409458635951
3.863545669548693
4.264671089538653
4.118807300451395
