1.8671431935802536
1.2605547323908284
1.1817894664338566
1.4077145606706085
1.5071222725343763
2.6180089721394415
1.2124775047624823
1.2285920382149182
1.1999125983080972
1.4730091841926143
2.777693457460674
1.1954846851342973
1.3092003032799622
1.9212302614995638
1.9786617750029736
2.050221932520537
1.6535370554073934
1.6284237862808424
1.8111855609042937
1.8619335256051932
2.4035423399744626
2.0061842051057788
1.591114271369979
4.100486486622056
3.33706380683003
3.1739009346831937
3.4797919861740576
3.4855502911627045
2.1327681605064637
1.6881878354606101
3.8404332355772146
3.626845119718089
3.3061197588118483
4.166352533946291
2.5482890175938477
3.948871397783011
3.9171694087241256
4.6966370875587975
3.7578266458464267
4.6966370875587975
4.6966370875587975
3.628782425602613
4.6966370875587975
3.9475747246763238
4.357921562456706
4.6966370875587975
4.445148717905264
4.6966370875587975
4.6966370875587975
4.6966370875587975
